#Columns, r[i], r[j], cov[i,j], first block [2:401] lines is for the x0, and second block for the x2.[402:801]
46.0 46.0 1.98956582341e-06
46.0 54.0 1.42689479078e-06
46.0 62.0 9.91345816366e-07
46.0 70.0 7.11185744587e-07
46.0 78.0 5.46585219334e-07
46.0 86.0 4.70791298626e-07
46.0 94.0 3.42901197808e-07
46.0 102.0 2.26781652453e-07
46.0 110.0 1.8198804107e-07
46.0 118.0 9.71328878192e-08
46.0 126.0 5.86114274056e-08
46.0 134.0 -1.85269296436e-09
46.0 142.0 -2.13853114615e-08
46.0 150.0 -2.46578967013e-08
46.0 158.0 -1.79934104291e-08
46.0 166.0 -2.03898071528e-08
46.0 174.0 -5.45470699618e-09
46.0 182.0 -2.83342198988e-08
46.0 190.0 -2.70033562419e-08
46.0 198.0 -2.3800084167e-08
54.0 46.0 1.42689479078e-06
54.0 54.0 1.61878929306e-06
54.0 62.0 1.11908504968e-06
54.0 70.0 8.12612741279e-07
54.0 78.0 6.08980072115e-07
54.0 86.0 4.99823694441e-07
54.0 94.0 3.58169533396e-07
54.0 102.0 2.58010635326e-07
54.0 110.0 1.96537871468e-07
54.0 118.0 1.17096129397e-07
54.0 126.0 9.85109934067e-08
54.0 134.0 3.88127357478e-08
54.0 142.0 3.20273259973e-08
54.0 150.0 1.94774281599e-08
54.0 158.0 3.32235384229e-09
54.0 166.0 -1.03101292066e-08
54.0 174.0 -1.06913298674e-08
54.0 182.0 -1.51940827337e-08
54.0 190.0 -1.74685053653e-08
54.0 198.0 -1.51824568275e-08
62.0 46.0 9.91345816366e-07
62.0 54.0 1.11908504968e-06
62.0 62.0 1.16959131e-06
62.0 70.0 8.16014405862e-07
62.0 78.0 5.94997242277e-07
62.0 86.0 4.7508253985e-07
62.0 94.0 3.47075009107e-07
62.0 102.0 2.48454599357e-07
62.0 110.0 1.92350876526e-07
62.0 118.0 1.35380021394e-07
62.0 126.0 1.01479008974e-07
62.0 134.0 6.43071163573e-08
62.0 142.0 4.78576600682e-08
62.0 150.0 4.70508061998e-08
62.0 158.0 3.28558137047e-08
62.0 166.0 1.23647706873e-08
62.0 174.0 6.73816605662e-09
62.0 182.0 -2.14437937729e-09
62.0 190.0 -3.56955871021e-09
62.0 198.0 -1.07248614157e-08
70.0 46.0 7.11185744587e-07
70.0 54.0 8.12612741279e-07
70.0 62.0 8.16014405862e-07
70.0 70.0 8.95286812105e-07
70.0 78.0 6.72446979676e-07
70.0 86.0 5.1578265572e-07
70.0 94.0 3.63850614851e-07
70.0 102.0 2.40175759155e-07
70.0 110.0 1.84102557877e-07
70.0 118.0 1.20626623104e-07
70.0 126.0 9.73116593124e-08
70.0 134.0 5.62985457486e-08
70.0 142.0 3.5355184977e-08
70.0 150.0 3.26232124721e-08
70.0 158.0 2.01855660976e-08
70.0 166.0 1.34466604109e-08
70.0 174.0 1.72385078627e-09
70.0 182.0 -1.50485216176e-09
70.0 190.0 -6.22109970235e-09
70.0 198.0 -3.97349747194e-09
78.0 46.0 5.46585219334e-07
78.0 54.0 6.08980072115e-07
78.0 62.0 5.94997242277e-07
78.0 70.0 6.72446979676e-07
78.0 78.0 7.7941251218e-07
78.0 86.0 5.72651717477e-07
78.0 94.0 4.26271682908e-07
78.0 102.0 2.84908911679e-07
78.0 110.0 2.20299117918e-07
78.0 118.0 1.52736556922e-07
78.0 126.0 1.2076041952e-07
78.0 134.0 7.63705276728e-08
78.0 142.0 4.03605337828e-08
78.0 150.0 3.33501308083e-08
78.0 158.0 1.78054683463e-08
78.0 166.0 3.37324001899e-09
78.0 174.0 -3.89561224791e-09
78.0 182.0 -4.78231104125e-09
78.0 190.0 -1.50640586695e-08
78.0 198.0 -9.41803748071e-09
86.0 46.0 4.70791298626e-07
86.0 54.0 4.99823694441e-07
86.0 62.0 4.7508253985e-07
86.0 70.0 5.1578265572e-07
86.0 78.0 5.72651717477e-07
86.0 86.0 6.68479848486e-07
86.0 94.0 4.82298401552e-07
86.0 102.0 3.38990466945e-07
86.0 110.0 2.66455958605e-07
86.0 118.0 1.82075186712e-07
86.0 126.0 1.5034684949e-07
86.0 134.0 9.72262216659e-08
86.0 142.0 5.62045388066e-08
86.0 150.0 4.30553742935e-08
86.0 158.0 2.80038356329e-08
86.0 166.0 1.39318779115e-08
86.0 174.0 2.00729116412e-09
86.0 182.0 4.42307605546e-09
86.0 190.0 -1.41276950825e-09
86.0 198.0 -2.70178962678e-09
94.0 46.0 3.42901197808e-07
94.0 54.0 3.58169533396e-07
94.0 62.0 3.47075009107e-07
94.0 70.0 3.63850614851e-07
94.0 78.0 4.26271682908e-07
94.0 86.0 4.82298401552e-07
94.0 94.0 5.54442246753e-07
94.0 102.0 3.90399430585e-07
94.0 110.0 2.97282754442e-07
94.0 118.0 2.23588848667e-07
94.0 126.0 1.78134296491e-07
94.0 134.0 1.19510940981e-07
94.0 142.0 8.47830401361e-08
94.0 150.0 5.98390864811e-08
94.0 158.0 3.91008469516e-08
94.0 166.0 3.03274138246e-08
94.0 174.0 2.16296991394e-08
94.0 182.0 1.86074027662e-08
94.0 190.0 8.65610521925e-09
94.0 198.0 4.82087653523e-09
102.0 46.0 2.26781652453e-07
102.0 54.0 2.58010635326e-07
102.0 62.0 2.48454599357e-07
102.0 70.0 2.40175759155e-07
102.0 78.0 2.84908911679e-07
102.0 86.0 3.38990466945e-07
102.0 94.0 3.90399430585e-07
102.0 102.0 4.46965022576e-07
102.0 110.0 3.32897726398e-07
102.0 118.0 2.66382235631e-07
102.0 126.0 2.12170012897e-07
102.0 134.0 1.56165233618e-07
102.0 142.0 1.11140420815e-07
102.0 150.0 8.54577513577e-08
102.0 158.0 6.5052186757e-08
102.0 166.0 4.28381404604e-08
102.0 174.0 3.05694155515e-08
102.0 182.0 2.59924295529e-08
102.0 190.0 1.67800432216e-08
102.0 198.0 5.81413244301e-09
110.0 46.0 1.8198804107e-07
110.0 54.0 1.96537871468e-07
110.0 62.0 1.92350876526e-07
110.0 70.0 1.84102557877e-07
110.0 78.0 2.20299117918e-07
110.0 86.0 2.66455958605e-07
110.0 94.0 2.97282754442e-07
110.0 102.0 3.32897726398e-07
110.0 110.0 3.97747114354e-07
110.0 118.0 3.03523988567e-07
110.0 126.0 2.39691690624e-07
110.0 134.0 1.75912057014e-07
110.0 142.0 1.27687548509e-07
110.0 150.0 9.76892969615e-08
110.0 158.0 7.89987051365e-08
110.0 166.0 5.4356977789e-08
110.0 174.0 4.23040188243e-08
110.0 182.0 3.35643632837e-08
110.0 190.0 2.80441641357e-08
110.0 198.0 1.89110673619e-08
118.0 46.0 9.71328878192e-08
118.0 54.0 1.17096129397e-07
118.0 62.0 1.35380021394e-07
118.0 70.0 1.20626623104e-07
118.0 78.0 1.52736556922e-07
118.0 86.0 1.82075186712e-07
118.0 94.0 2.23588848667e-07
118.0 102.0 2.66382235631e-07
118.0 110.0 3.03523988567e-07
118.0 118.0 3.63774148401e-07
118.0 126.0 2.83710200408e-07
118.0 134.0 2.15148316243e-07
118.0 142.0 1.61564615777e-07
118.0 150.0 1.20772661557e-07
118.0 158.0 9.45253503199e-08
118.0 166.0 6.79098829509e-08
118.0 174.0 4.65802932916e-08
118.0 182.0 3.44137773214e-08
118.0 190.0 2.45567395923e-08
118.0 198.0 2.23613818575e-08
126.0 46.0 5.86114274056e-08
126.0 54.0 9.85109934067e-08
126.0 62.0 1.01479008974e-07
126.0 70.0 9.73116593124e-08
126.0 78.0 1.2076041952e-07
126.0 86.0 1.5034684949e-07
126.0 94.0 1.78134296491e-07
126.0 102.0 2.12170012897e-07
126.0 110.0 2.39691690624e-07
126.0 118.0 2.83710200408e-07
126.0 126.0 3.34046180276e-07
126.0 134.0 2.61857257762e-07
126.0 142.0 1.9794984967e-07
126.0 150.0 1.45253364295e-07
126.0 158.0 1.10167380422e-07
126.0 166.0 7.8472105825e-08
126.0 174.0 5.88672765618e-08
126.0 182.0 4.25149652728e-08
126.0 190.0 3.21670866807e-08
126.0 198.0 2.7080585772e-08
134.0 46.0 -1.85269296436e-09
134.0 54.0 3.88127357478e-08
134.0 62.0 6.43071163573e-08
134.0 70.0 5.62985457486e-08
134.0 78.0 7.63705276728e-08
134.0 86.0 9.72262216659e-08
134.0 94.0 1.19510940981e-07
134.0 102.0 1.56165233618e-07
134.0 110.0 1.75912057014e-07
134.0 118.0 2.15148316243e-07
134.0 126.0 2.61857257762e-07
134.0 134.0 3.0631366304e-07
134.0 142.0 2.36557448138e-07
134.0 150.0 1.78192207686e-07
134.0 158.0 1.32799578248e-07
134.0 166.0 9.65514149457e-08
134.0 174.0 7.61654847436e-08
134.0 182.0 6.20649683275e-08
134.0 190.0 4.48298669223e-08
134.0 198.0 3.81853434626e-08
142.0 46.0 -2.13853114615e-08
142.0 54.0 3.20273259973e-08
142.0 62.0 4.78576600682e-08
142.0 70.0 3.5355184977e-08
142.0 78.0 4.03605337828e-08
142.0 86.0 5.62045388066e-08
142.0 94.0 8.47830401361e-08
142.0 102.0 1.11140420815e-07
142.0 110.0 1.27687548509e-07
142.0 118.0 1.61564615777e-07
142.0 126.0 1.9794984967e-07
142.0 134.0 2.36557448138e-07
142.0 142.0 2.86943476851e-07
142.0 150.0 2.12291447392e-07
142.0 158.0 1.60502368967e-07
142.0 166.0 1.21318056685e-07
142.0 174.0 9.48179597973e-08
142.0 182.0 7.64513112366e-08
142.0 190.0 5.26883535129e-08
142.0 198.0 4.40147550487e-08
150.0 46.0 -2.46578967013e-08
150.0 54.0 1.94774281599e-08
150.0 62.0 4.70508061998e-08
150.0 70.0 3.26232124721e-08
150.0 78.0 3.33501308083e-08
150.0 86.0 4.30553742935e-08
150.0 94.0 5.98390864811e-08
150.0 102.0 8.54577513577e-08
150.0 110.0 9.76892969615e-08
150.0 118.0 1.20772661557e-07
150.0 126.0 1.45253364295e-07
150.0 134.0 1.78192207686e-07
150.0 142.0 2.12291447392e-07
150.0 150.0 2.4119591957e-07
150.0 158.0 1.80592784525e-07
150.0 166.0 1.41833222004e-07
150.0 174.0 1.09014940297e-07
150.0 182.0 8.59811936505e-08
150.0 190.0 6.30803758022e-08
150.0 198.0 5.3142195214e-08
158.0 46.0 -1.79934104291e-08
158.0 54.0 3.32235384229e-09
158.0 62.0 3.28558137047e-08
158.0 70.0 2.01855660976e-08
158.0 78.0 1.78054683463e-08
158.0 86.0 2.80038356329e-08
158.0 94.0 3.91008469516e-08
158.0 102.0 6.5052186757e-08
158.0 110.0 7.89987051365e-08
158.0 118.0 9.45253503199e-08
158.0 126.0 1.10167380422e-07
158.0 134.0 1.32799578248e-07
158.0 142.0 1.60502368967e-07
158.0 150.0 1.80592784525e-07
158.0 158.0 2.13618814658e-07
158.0 166.0 1.63337530009e-07
158.0 174.0 1.2327657632e-07
158.0 182.0 9.30332687904e-08
158.0 190.0 7.05863257385e-08
158.0 198.0 6.14946758265e-08
166.0 46.0 -2.03898071528e-08
166.0 54.0 -1.03101292066e-08
166.0 62.0 1.23647706873e-08
166.0 70.0 1.34466604109e-08
166.0 78.0 3.37324001899e-09
166.0 86.0 1.39318779115e-08
166.0 94.0 3.03274138246e-08
166.0 102.0 4.28381404604e-08
166.0 110.0 5.4356977789e-08
166.0 118.0 6.79098829509e-08
166.0 126.0 7.8472105825e-08
166.0 134.0 9.65514149457e-08
166.0 142.0 1.21318056685e-07
166.0 150.0 1.41833222004e-07
166.0 158.0 1.63337530009e-07
166.0 166.0 1.99831274597e-07
166.0 174.0 1.57217050478e-07
166.0 182.0 1.19624206168e-07
166.0 190.0 9.22126462416e-08
166.0 198.0 7.87578714116e-08
174.0 46.0 -5.45470699618e-09
174.0 54.0 -1.06913298674e-08
174.0 62.0 6.73816605662e-09
174.0 70.0 1.72385078627e-09
174.0 78.0 -3.89561224791e-09
174.0 86.0 2.00729116412e-09
174.0 94.0 2.16296991394e-08
174.0 102.0 3.05694155515e-08
174.0 110.0 4.23040188243e-08
174.0 118.0 4.65802932916e-08
174.0 126.0 5.88672765618e-08
174.0 134.0 7.61654847436e-08
174.0 142.0 9.48179597973e-08
174.0 150.0 1.09014940297e-07
174.0 158.0 1.2327657632e-07
174.0 166.0 1.57217050478e-07
174.0 174.0 1.91293549194e-07
174.0 182.0 1.49436016814e-07
174.0 190.0 1.16064707087e-07
174.0 198.0 9.70861547662e-08
182.0 46.0 -2.83342198988e-08
182.0 54.0 -1.51940827337e-08
182.0 62.0 -2.14437937729e-09
182.0 70.0 -1.50485216176e-09
182.0 78.0 -4.78231104125e-09
182.0 86.0 4.42307605546e-09
182.0 94.0 1.86074027662e-08
182.0 102.0 2.59924295529e-08
182.0 110.0 3.35643632837e-08
182.0 118.0 3.44137773214e-08
182.0 126.0 4.25149652728e-08
182.0 134.0 6.20649683275e-08
182.0 142.0 7.64513112366e-08
182.0 150.0 8.59811936505e-08
182.0 158.0 9.30332687904e-08
182.0 166.0 1.19624206168e-07
182.0 174.0 1.49436016814e-07
182.0 182.0 1.79584089884e-07
182.0 190.0 1.39711340945e-07
182.0 198.0 1.11354942021e-07
190.0 46.0 -2.70033562419e-08
190.0 54.0 -1.74685053653e-08
190.0 62.0 -3.56955871021e-09
190.0 70.0 -6.22109970235e-09
190.0 78.0 -1.50640586695e-08
190.0 86.0 -1.41276950825e-09
190.0 94.0 8.65610521925e-09
190.0 102.0 1.67800432216e-08
190.0 110.0 2.80441641357e-08
190.0 118.0 2.45567395923e-08
190.0 126.0 3.21670866807e-08
190.0 134.0 4.48298669223e-08
190.0 142.0 5.26883535129e-08
190.0 150.0 6.30803758022e-08
190.0 158.0 7.05863257385e-08
190.0 166.0 9.22126462416e-08
190.0 174.0 1.16064707087e-07
190.0 182.0 1.39711340945e-07
190.0 190.0 1.69686111396e-07
190.0 198.0 1.34769525158e-07
198.0 46.0 -2.3800084167e-08
198.0 54.0 -1.51824568275e-08
198.0 62.0 -1.07248614157e-08
198.0 70.0 -3.97349747194e-09
198.0 78.0 -9.41803748071e-09
198.0 86.0 -2.70178962678e-09
198.0 94.0 4.82087653523e-09
198.0 102.0 5.81413244301e-09
198.0 110.0 1.89110673619e-08
198.0 118.0 2.23613818575e-08
198.0 126.0 2.7080585772e-08
198.0 134.0 3.81853434626e-08
198.0 142.0 4.40147550487e-08
198.0 150.0 5.3142195214e-08
198.0 158.0 6.14946758265e-08
198.0 166.0 7.87578714116e-08
198.0 174.0 9.70861547662e-08
198.0 182.0 1.11354942021e-07
198.0 190.0 1.34769525158e-07
198.0 198.0 1.59583062173e-07
46.0 46.0 5.19576443931e-06
46.0 54.0 2.86190829101e-06
46.0 62.0 1.64713241435e-06
46.0 70.0 9.62100517245e-07
46.0 78.0 7.51294886052e-07
46.0 86.0 5.49797859089e-07
46.0 94.0 3.76654106109e-07
46.0 102.0 2.09898527717e-07
46.0 110.0 1.11879461869e-07
46.0 118.0 1.8752884159e-07
46.0 126.0 2.69170829974e-07
46.0 134.0 2.70206816002e-07
46.0 142.0 3.80321530234e-07
46.0 150.0 3.06144292478e-07
46.0 158.0 3.37047940045e-07
46.0 166.0 3.27045938619e-07
46.0 174.0 1.31776055337e-07
46.0 182.0 1.13988449297e-07
46.0 190.0 -1.15261304283e-08
46.0 198.0 -9.7019235831e-09
54.0 46.0 2.86190829101e-06
54.0 54.0 4.06852267906e-06
54.0 62.0 2.49508696379e-06
54.0 70.0 1.55132982476e-06
54.0 78.0 1.06293601643e-06
54.0 86.0 5.66066891701e-07
54.0 94.0 4.15180524612e-07
54.0 102.0 2.42111832099e-07
54.0 110.0 9.43197021406e-08
54.0 118.0 9.09073136975e-08
54.0 126.0 3.38494646194e-08
54.0 134.0 6.08522457411e-08
54.0 142.0 1.98329627811e-07
54.0 150.0 1.99454823682e-07
54.0 158.0 2.54546590255e-07
54.0 166.0 2.68273592514e-07
54.0 174.0 1.96116571037e-07
54.0 182.0 1.49343614092e-07
54.0 190.0 5.61698883615e-08
54.0 198.0 1.5182611809e-08
62.0 46.0 1.64713241435e-06
62.0 54.0 2.49508696379e-06
62.0 62.0 3.645881368e-06
62.0 70.0 2.30105200697e-06
62.0 78.0 1.4697656645e-06
62.0 86.0 8.17172314538e-07
62.0 94.0 5.96683001158e-07
62.0 102.0 4.07246701875e-07
62.0 110.0 2.58908295418e-07
62.0 118.0 1.91649906668e-07
62.0 126.0 1.40409067963e-07
62.0 134.0 1.48135008886e-07
62.0 142.0 2.33949988126e-07
62.0 150.0 2.53306276647e-07
62.0 158.0 2.61053065742e-07
62.0 166.0 2.72667683212e-07
62.0 174.0 1.6008519588e-07
62.0 182.0 1.08364086583e-07
62.0 190.0 2.42328613239e-08
62.0 198.0 -3.16536359042e-08
70.0 46.0 9.62100517245e-07
70.0 54.0 1.55132982476e-06
70.0 62.0 2.30105200697e-06
70.0 70.0 3.06210423124e-06
70.0 78.0 1.84915962184e-06
70.0 86.0 1.08159649647e-06
70.0 94.0 8.05956328211e-07
70.0 102.0 5.59081366262e-07
70.0 110.0 3.3599971608e-07
70.0 118.0 2.936831391e-07
70.0 126.0 1.91920880203e-07
70.0 134.0 1.29668028658e-07
70.0 142.0 1.12988890382e-07
70.0 150.0 1.60681037939e-07
70.0 158.0 1.72601522776e-07
70.0 166.0 1.58014409541e-07
70.0 174.0 1.00537862268e-07
70.0 182.0 8.31833317915e-08
70.0 190.0 1.74155861306e-09
70.0 198.0 -8.13453419517e-08
78.0 46.0 7.51294886052e-07
78.0 54.0 1.06293601643e-06
78.0 62.0 1.4697656645e-06
78.0 70.0 1.84915962184e-06
78.0 78.0 2.43324674121e-06
78.0 86.0 1.4756005428e-06
78.0 94.0 1.01402738034e-06
78.0 102.0 6.38584168208e-07
78.0 110.0 4.8591057873e-07
78.0 118.0 3.95315613964e-07
78.0 126.0 3.12045873544e-07
78.0 134.0 2.41882438883e-07
78.0 142.0 2.17343940989e-07
78.0 150.0 2.52313618942e-07
78.0 158.0 2.66572744795e-07
78.0 166.0 2.35818936996e-07
78.0 174.0 1.33392348584e-07
78.0 182.0 1.37141640783e-07
78.0 190.0 4.4506847532e-08
78.0 198.0 -3.23190514201e-08
86.0 46.0 5.49797859089e-07
86.0 54.0 5.66066891701e-07
86.0 62.0 8.17172314538e-07
86.0 70.0 1.08159649647e-06
86.0 78.0 1.4756005428e-06
86.0 86.0 1.92707487549e-06
86.0 94.0 1.2922902134e-06
86.0 102.0 8.86486167384e-07
86.0 110.0 6.41619516578e-07
86.0 118.0 5.4675540095e-07
86.0 126.0 3.78241256185e-07
86.0 134.0 3.04348667209e-07
86.0 142.0 2.26782026191e-07
86.0 150.0 2.37430393385e-07
86.0 158.0 2.1979177732e-07
86.0 166.0 1.99627631447e-07
86.0 174.0 1.41962184041e-07
86.0 182.0 1.55607738061e-07
86.0 190.0 6.71189162798e-08
86.0 198.0 -3.35247194347e-08
94.0 46.0 3.76654106109e-07
94.0 54.0 4.15180524612e-07
94.0 62.0 5.96683001158e-07
94.0 70.0 8.05956328211e-07
94.0 78.0 1.01402738034e-06
94.0 86.0 1.2922902134e-06
94.0 94.0 1.85275107647e-06
94.0 102.0 1.34118800992e-06
94.0 110.0 9.9091213924e-07
94.0 118.0 7.72678623818e-07
94.0 126.0 5.08535913074e-07
94.0 134.0 4.22343444704e-07
94.0 142.0 3.44905682044e-07
94.0 150.0 3.21458665301e-07
94.0 158.0 2.63205189358e-07
94.0 166.0 2.28746489846e-07
94.0 174.0 1.37319979203e-07
94.0 182.0 1.73352958649e-07
94.0 190.0 1.35301667239e-07
94.0 198.0 5.90259893547e-08
102.0 46.0 2.09898527717e-07
102.0 54.0 2.42111832099e-07
102.0 62.0 4.07246701875e-07
102.0 70.0 5.59081366262e-07
102.0 78.0 6.38584168208e-07
102.0 86.0 8.86486167384e-07
102.0 94.0 1.34118800992e-06
102.0 102.0 1.87996908799e-06
102.0 110.0 1.36218755332e-06
102.0 118.0 1.04975153974e-06
102.0 126.0 7.18110957669e-07
102.0 134.0 5.23193633164e-07
102.0 142.0 3.80762803981e-07
102.0 150.0 3.41896726526e-07
102.0 158.0 2.29971390774e-07
102.0 166.0 1.7214464379e-07
102.0 174.0 1.12120478877e-07
102.0 182.0 1.40748922063e-07
102.0 190.0 1.14343084458e-07
102.0 198.0 7.04021691662e-08
110.0 46.0 1.11879461869e-07
110.0 54.0 9.43197021406e-08
110.0 62.0 2.58908295418e-07
110.0 70.0 3.3599971608e-07
110.0 78.0 4.8591057873e-07
110.0 86.0 6.41619516578e-07
110.0 94.0 9.9091213924e-07
110.0 102.0 1.36218755332e-06
110.0 110.0 1.77124498513e-06
110.0 118.0 1.292156908e-06
110.0 126.0 9.02862409645e-07
110.0 134.0 6.21163714584e-07
110.0 142.0 4.51055057361e-07
110.0 150.0 3.85832550481e-07
110.0 158.0 2.76139486098e-07
110.0 166.0 2.09691191829e-07
110.0 174.0 1.75822452458e-07
110.0 182.0 1.74425275985e-07
110.0 190.0 1.6124101933e-07
110.0 198.0 1.01226969733e-07
118.0 46.0 1.8752884159e-07
118.0 54.0 9.09073136975e-08
118.0 62.0 1.91649906668e-07
118.0 70.0 2.936831391e-07
118.0 78.0 3.95315613964e-07
118.0 86.0 5.4675540095e-07
118.0 94.0 7.72678623818e-07
118.0 102.0 1.04975153974e-06
118.0 110.0 1.292156908e-06
118.0 118.0 1.57063883561e-06
118.0 126.0 1.13089726254e-06
118.0 134.0 7.89453258935e-07
118.0 142.0 6.06782980815e-07
118.0 150.0 4.85936849225e-07
118.0 158.0 3.53126151412e-07
118.0 166.0 2.71343812745e-07
118.0 174.0 2.50622642748e-07
118.0 182.0 2.43060502374e-07
118.0 190.0 1.89839538896e-07
118.0 198.0 1.2261978679e-07
126.0 46.0 2.69170829974e-07
126.0 54.0 3.38494646194e-08
126.0 62.0 1.40409067963e-07
126.0 70.0 1.91920880203e-07
126.0 78.0 3.12045873544e-07
126.0 86.0 3.78241256185e-07
126.0 94.0 5.08535913074e-07
126.0 102.0 7.18110957669e-07
126.0 110.0 9.02862409645e-07
126.0 118.0 1.13089726254e-06
126.0 126.0 1.38297867032e-06
126.0 134.0 9.93395890972e-07
126.0 142.0 7.61942703539e-07
126.0 150.0 5.73581338975e-07
126.0 158.0 4.28859090628e-07
126.0 166.0 3.47684970368e-07
126.0 174.0 2.89353030212e-07
126.0 182.0 2.70991894741e-07
126.0 190.0 2.19084663136e-07
126.0 198.0 1.50093184377e-07
134.0 46.0 2.70206816002e-07
134.0 54.0 6.08522457411e-08
134.0 62.0 1.48135008886e-07
134.0 70.0 1.29668028658e-07
134.0 78.0 2.41882438883e-07
134.0 86.0 3.04348667209e-07
134.0 94.0 4.22343444704e-07
134.0 102.0 5.23193633164e-07
134.0 110.0 6.21163714584e-07
134.0 118.0 7.89453258935e-07
134.0 126.0 9.93395890972e-07
134.0 134.0 1.24381239032e-06
134.0 142.0 9.68013087447e-07
134.0 150.0 7.1605607653e-07
134.0 158.0 5.17238828786e-07
134.0 166.0 3.92943169286e-07
134.0 174.0 3.19711859021e-07
134.0 182.0 3.07225778944e-07
134.0 190.0 2.3817408749e-07
134.0 198.0 1.6666834587e-07
142.0 46.0 3.80321530234e-07
142.0 54.0 1.98329627811e-07
142.0 62.0 2.33949988126e-07
142.0 70.0 1.12988890382e-07
142.0 78.0 2.17343940989e-07
142.0 86.0 2.26782026191e-07
142.0 94.0 3.44905682044e-07
142.0 102.0 3.80762803981e-07
142.0 110.0 4.51055057361e-07
142.0 118.0 6.06782980815e-07
142.0 126.0 7.61942703539e-07
142.0 134.0 9.68013087447e-07
142.0 142.0 1.26766601387e-06
142.0 150.0 9.34091966177e-07
142.0 158.0 6.94096964255e-07
142.0 166.0 5.20208799998e-07
142.0 174.0 4.04227630337e-07
142.0 182.0 3.61739672051e-07
142.0 190.0 2.63399091894e-07
142.0 198.0 1.9860505351e-07
150.0 46.0 3.06144292478e-07
150.0 54.0 1.99454823682e-07
150.0 62.0 2.53306276647e-07
150.0 70.0 1.60681037939e-07
150.0 78.0 2.52313618942e-07
150.0 86.0 2.37430393385e-07
150.0 94.0 3.21458665301e-07
150.0 102.0 3.41896726526e-07
150.0 110.0 3.85832550481e-07
150.0 118.0 4.85936849225e-07
150.0 126.0 5.73581338975e-07
150.0 134.0 7.1605607653e-07
150.0 142.0 9.34091966177e-07
150.0 150.0 1.15891143808e-06
150.0 158.0 8.58310857075e-07
150.0 166.0 6.53294736948e-07
150.0 174.0 4.84643891039e-07
150.0 182.0 3.94736302875e-07
150.0 190.0 2.99321390473e-07
150.0 198.0 2.40727706784e-07
158.0 46.0 3.37047940045e-07
158.0 54.0 2.54546590255e-07
158.0 62.0 2.61053065742e-07
158.0 70.0 1.72601522776e-07
158.0 78.0 2.66572744795e-07
158.0 86.0 2.1979177732e-07
158.0 94.0 2.63205189358e-07
158.0 102.0 2.29971390774e-07
158.0 110.0 2.76139486098e-07
158.0 118.0 3.53126151412e-07
158.0 126.0 4.28859090628e-07
158.0 134.0 5.17238828786e-07
158.0 142.0 6.94096964255e-07
158.0 150.0 8.58310857075e-07
158.0 158.0 1.02489674485e-06
158.0 166.0 7.87559443009e-07
158.0 174.0 5.83866883368e-07
158.0 182.0 4.30897805835e-07
158.0 190.0 3.0462718358e-07
158.0 198.0 2.23673134194e-07
166.0 46.0 3.27045938619e-07
166.0 54.0 2.68273592514e-07
166.0 62.0 2.72667683212e-07
166.0 70.0 1.58014409541e-07
166.0 78.0 2.35818936996e-07
166.0 86.0 1.99627631447e-07
166.0 94.0 2.28746489846e-07
166.0 102.0 1.7214464379e-07
166.0 110.0 2.09691191829e-07
166.0 118.0 2.71343812745e-07
166.0 126.0 3.47684970368e-07
166.0 134.0 3.92943169286e-07
166.0 142.0 5.20208799998e-07
166.0 150.0 6.53294736948e-07
166.0 158.0 7.87559443009e-07
166.0 166.0 9.54388281846e-07
166.0 174.0 7.03364946423e-07
166.0 182.0 5.21038431999e-07
166.0 190.0 3.76218573333e-07
166.0 198.0 2.82762412851e-07
174.0 46.0 1.31776055337e-07
174.0 54.0 1.96116571037e-07
174.0 62.0 1.6008519588e-07
174.0 70.0 1.00537862268e-07
174.0 78.0 1.33392348584e-07
174.0 86.0 1.41962184041e-07
174.0 94.0 1.37319979203e-07
174.0 102.0 1.12120478877e-07
174.0 110.0 1.75822452458e-07
174.0 118.0 2.50622642748e-07
174.0 126.0 2.89353030212e-07
174.0 134.0 3.19711859021e-07
174.0 142.0 4.04227630337e-07
174.0 150.0 4.84643891039e-07
174.0 158.0 5.83866883368e-07
174.0 166.0 7.03364946423e-07
174.0 174.0 8.89472993875e-07
174.0 182.0 6.65005416288e-07
174.0 190.0 4.80863890182e-07
174.0 198.0 3.63037643965e-07
182.0 46.0 1.13988449297e-07
182.0 54.0 1.49343614092e-07
182.0 62.0 1.08364086583e-07
182.0 70.0 8.31833317915e-08
182.0 78.0 1.37141640783e-07
182.0 86.0 1.55607738061e-07
182.0 94.0 1.73352958649e-07
182.0 102.0 1.40748922063e-07
182.0 110.0 1.74425275985e-07
182.0 118.0 2.43060502374e-07
182.0 126.0 2.70991894741e-07
182.0 134.0 3.07225778944e-07
182.0 142.0 3.61739672051e-07
182.0 150.0 3.94736302875e-07
182.0 158.0 4.30897805835e-07
182.0 166.0 5.21038431999e-07
182.0 174.0 6.65005416288e-07
182.0 182.0 8.04813101054e-07
182.0 190.0 5.91243455846e-07
182.0 198.0 4.31961037667e-07
190.0 46.0 -1.15261304283e-08
190.0 54.0 5.61698883615e-08
190.0 62.0 2.42328613239e-08
190.0 70.0 1.74155861306e-09
190.0 78.0 4.4506847532e-08
190.0 86.0 6.71189162798e-08
190.0 94.0 1.35301667239e-07
190.0 102.0 1.14343084458e-07
190.0 110.0 1.6124101933e-07
190.0 118.0 1.89839538896e-07
190.0 126.0 2.19084663136e-07
190.0 134.0 2.3817408749e-07
190.0 142.0 2.63399091894e-07
190.0 150.0 2.99321390473e-07
190.0 158.0 3.0462718358e-07
190.0 166.0 3.76218573333e-07
190.0 174.0 4.80863890182e-07
190.0 182.0 5.91243455846e-07
190.0 190.0 7.69299670287e-07
190.0 198.0 5.77071097458e-07
198.0 46.0 -9.7019235831e-09
198.0 54.0 1.5182611809e-08
198.0 62.0 -3.16536359042e-08
198.0 70.0 -8.13453419517e-08
198.0 78.0 -3.23190514201e-08
198.0 86.0 -3.35247194347e-08
198.0 94.0 5.90259893547e-08
198.0 102.0 7.04021691662e-08
198.0 110.0 1.01226969733e-07
198.0 118.0 1.2261978679e-07
198.0 126.0 1.50093184377e-07
198.0 134.0 1.6666834587e-07
198.0 142.0 1.9860505351e-07
198.0 150.0 2.40727706784e-07
198.0 158.0 2.23673134194e-07
198.0 166.0 2.82762412851e-07
198.0 174.0 3.63037643965e-07
198.0 182.0 4.31961037667e-07
198.0 190.0 5.77071097458e-07
198.0 198.0 6.96514223111e-07
