4.600000000000000000e+01
5.400000000000000000e+01
6.200000000000000000e+01
7.000000000000000000e+01
7.800000000000000000e+01
8.600000000000000000e+01
9.400000000000000000e+01
1.020000000000000000e+02
1.100000000000000000e+02
1.180000000000000000e+02
1.260000000000000000e+02
1.340000000000000000e+02
1.420000000000000000e+02
1.500000000000000000e+02
1.580000000000000000e+02
1.660000000000000000e+02
1.740000000000000000e+02
1.820000000000000000e+02
1.900000000000000000e+02
1.980000000000000000e+02
